imagesource:GoogleEarth
gsd:0.115726939386
937.0 913.0 921.0 912.0 923.0 874.0 940.0 875.0 small-vehicle 0
638.0 959.0 638.0 935.0 694.0 939.0 693.0 962.0 large-vehicle 0
545.0 494.0 548.0 518.0 489.0 519.0 488.0 493.0 large-vehicle 0
536.0 468.0 535.0 489.0 477.0 486.0 478.0 464.0 large-vehicle 0
683.0 302.0 659.0 309.0 643.0 213.0 660.0 205.0 large-vehicle 0
627.0 319.0 605.0 326.0 584.0 223.0 608.0 216.0 large-vehicle 0
594.0 323.0 573.0 328.0 556.0 234.0 575.0 229.0 large-vehicle 0
563.0 326.0 540.0 333.0 527.0 238.0 547.0 232.0 large-vehicle 0
521.0 334.0 500.0 341.0 478.0 241.0 500.0 236.0 large-vehicle 0
422.0 349.0 401.0 356.0 382.0 258.0 402.0 253.0 large-vehicle 0
396.0 358.0 375.0 366.0 356.0 269.0 374.0 263.0 large-vehicle 0
360.0 359.0 340.0 363.0 326.0 278.0 347.0 273.0 large-vehicle 0
329.0 352.0 305.0 356.0 292.0 274.0 313.0 272.0 large-vehicle 0
277.0 842.0 278.0 823.0 335.0 827.0 332.0 853.0 large-vehicle 0
573.0 519.0 579.0 494.0 638.0 498.0 637.0 523.0 large-vehicle 0
328.0 803.0 317.0 821.0 265.0 794.0 277.0 772.0 large-vehicle 0
265.0 757.0 280.0 742.0 318.0 764.0 305.0 782.0 large-vehicle 1
258.0 683.0 262.0 669.0 315.0 689.0 305.0 712.0 large-vehicle 1
280.0 638.0 293.0 619.0 338.0 643.0 328.0 663.0 large-vehicle 0
232.0 610.0 243.0 591.0 286.0 616.0 276.0 636.0 large-vehicle 0
278.0 601.0 288.0 582.0 336.0 607.0 323.0 628.0 large-vehicle 0
230.0 577.0 238.0 559.0 284.0 578.0 273.0 598.0 large-vehicle 1
315.0 507.0 303.0 525.0 213.0 475.0 226.0 455.0 large-vehicle 0
204.0 441.0 213.0 419.0 269.0 441.0 257.0 463.0 large-vehicle 0
200.0 401.0 211.0 383.0 258.0 411.0 250.0 428.0 large-vehicle 0
186.0 365.0 198.0 342.0 249.0 368.0 236.0 390.0 large-vehicle 0
558.0 523.0 563.0 546.0 501.0 554.0 501.0 529.0 large-vehicle 0
627.0 529.0 628.0 547.0 569.0 549.0 568.0 530.0 large-vehicle 0
958.0 158.0 972.0 152.0 984.0 182.0 967.0 187.0 small-vehicle 1
45.0 864.0 47.0 882.0 5.0 882.0 4.0 867.0 large-vehicle 1
1093.0 949.0 1107.0 957.0 1091.0 987.0 1077.0 981.0 small-vehicle 1
1106.0 969.0 1119.0 974.0 1102.0 1012.0 1085.0 1005.0 small-vehicle 0
1126.0 747.0 1110.0 757.0 1088.0 714.0 1105.0 706.0 large-vehicle 0
1089.0 632.0 1105.0 621.0 1126.0 656.0 1107.0 667.0 small-vehicle 1
1071.0 656.0 1058.0 664.0 1038.0 627.0 1055.0 620.0 small-vehicle 0
990.0 513.0 1004.0 504.0 1022.0 539.0 1003.0 548.0 small-vehicle 1
978.0 458.0 964.0 463.0 953.0 428.0 967.0 421.0 small-vehicle 1
4.0 979.0 3.0 964.0 43.0 961.0 44.0 979.0 small-vehicle 0
2.0 956.0 4.0 939.0 42.0 936.0 42.0 954.0 small-vehicle 0
3.0 931.0 4.0 916.0 39.0 916.0 42.0 929.0 small-vehicle 0
5.0 908.0 5.0 892.0 40.0 889.0 41.0 907.0 small-vehicle 0
6.0 842.0 38.0 842.0 37.0 857.0 3.0 859.0 large-vehicle 1
660.0 555.0 662.0 576.0 603.0 577.0 602.0 555.0 large-vehicle 0
47.0 787.0 48.0 805.0 15.0 811.0 13.0 793.0 small-vehicle 0
41.0 690.0 41.0 704.0 8.0 706.0 11.0 690.0 small-vehicle 1
41.0 640.0 44.0 656.0 12.0 656.0 11.0 640.0 small-vehicle 1
867.0 904.0 847.0 904.0 849.0 847.0 870.0 849.0 large-vehicle 0
841.0 897.0 821.0 897.0 813.0 802.0 835.0 800.0 large-vehicle 0
813.0 896.0 795.0 897.0 790.0 834.0 809.0 829.0 large-vehicle 0
763.0 817.0 782.0 814.0 781.0 906.0 760.0 904.0 large-vehicle 0
721.0 852.0 742.0 851.0 740.0 906.0 716.0 906.0 large-vehicle 1
883.0 586.0 895.0 603.0 840.0 631.0 827.0 609.0 large-vehicle 0
773.0 574.0 767.0 555.0 856.0 523.0 865.0 544.0 large-vehicle 0
630.0 586.0 629.0 607.0 532.0 604.0 534.0 580.0 large-vehicle 0
191.0 299.0 205.0 276.0 257.0 304.0 238.0 330.0 large-vehicle 0
