imagesource:GoogleEarth
gsd:0.120384949364
76.0 847.0 76.0 864.0 34.0 866.0 34.0 847.0 small-vehicle 0
278.0 731.0 279.0 710.0 370.0 711.0 371.0 731.0 large-vehicle 0
278.0 786.0 279.0 766.0 373.0 768.0 372.0 789.0 large-vehicle 0
276.0 815.0 279.0 793.0 372.0 798.0 371.0 818.0 large-vehicle 0
277.0 844.0 276.0 823.0 369.0 826.0 366.0 848.0 large-vehicle 0
275.0 871.0 276.0 853.0 368.0 856.0 368.0 876.0 large-vehicle 0
268.0 901.0 271.0 881.0 353.0 886.0 353.0 907.0 large-vehicle 0
492.0 187.0 491.0 207.0 389.0 204.0 393.0 184.0 large-vehicle 0
491.0 211.0 489.0 232.0 403.0 229.0 404.0 207.0 large-vehicle 0
468.0 265.0 468.0 288.0 398.0 284.0 399.0 263.0 large-vehicle 0
468.0 292.0 469.0 313.0 400.0 314.0 402.0 293.0 large-vehicle 0
490.0 350.0 489.0 371.0 423.0 366.0 424.0 347.0 large-vehicle 0
467.0 378.0 465.0 397.0 394.0 396.0 396.0 374.0 large-vehicle 0
486.0 404.0 486.0 426.0 418.0 424.0 420.0 404.0 large-vehicle 0
488.0 435.0 487.0 456.0 418.0 449.0 421.0 430.0 large-vehicle 0
461.0 460.0 463.0 479.0 394.0 480.0 397.0 456.0 large-vehicle 0
481.0 487.0 479.0 511.0 408.0 508.0 413.0 485.0 large-vehicle 0
473.0 518.0 471.0 541.0 401.0 534.0 404.0 514.0 large-vehicle 0
460.0 546.0 460.0 567.0 400.0 566.0 402.0 544.0 large-vehicle 0
462.0 575.0 461.0 594.0 389.0 592.0 394.0 571.0 large-vehicle 0
473.0 601.0 473.0 623.0 404.0 621.0 408.0 597.0 large-vehicle 0
459.0 631.0 456.0 651.0 386.0 649.0 390.0 626.0 large-vehicle 0
474.0 657.0 475.0 677.0 412.0 679.0 414.0 656.0 large-vehicle 0
473.0 689.0 473.0 708.0 404.0 705.0 406.0 686.0 large-vehicle 0
469.0 716.0 468.0 738.0 401.0 731.0 403.0 713.0 large-vehicle 0
468.0 746.0 466.0 766.0 403.0 759.0 405.0 738.0 large-vehicle 0
470.0 771.0 471.0 790.0 411.0 789.0 411.0 769.0 large-vehicle 0
456.0 801.0 454.0 825.0 393.0 816.0 394.0 794.0 large-vehicle 0
453.0 827.0 454.0 847.0 391.0 843.0 393.0 821.0 large-vehicle 0
453.0 856.0 451.0 876.0 391.0 875.0 393.0 850.0 large-vehicle 0
463.0 884.0 464.0 901.0 403.0 905.0 404.0 884.0 large-vehicle 0
278.0 755.0 281.0 736.0 371.0 742.0 371.0 760.0 large-vehicle 0
278.0 702.0 280.0 680.0 370.0 684.0 369.0 705.0 large-vehicle 0
80.0 754.0 78.0 774.0 34.0 774.0 34.0 755.0 small-vehicle 0
279.0 672.0 282.0 651.0 373.0 654.0 372.0 676.0 large-vehicle 0
178.0 257.0 178.0 279.0 97.0 278.0 96.0 254.0 large-vehicle 0
174.0 311.0 173.0 332.0 89.0 333.0 88.0 312.0 large-vehicle 0
189.0 345.0 186.0 366.0 90.0 362.0 91.0 339.0 large-vehicle 0
189.0 457.0 189.0 478.0 95.0 474.0 97.0 454.0 large-vehicle 0
191.0 487.0 190.0 508.0 91.0 503.0 94.0 482.0 large-vehicle 0
184.0 516.0 183.0 536.0 86.0 531.0 89.0 511.0 large-vehicle 0
186.0 544.0 186.0 564.0 90.0 560.0 90.0 541.0 large-vehicle 0
186.0 573.0 184.0 592.0 88.0 590.0 92.0 569.0 large-vehicle 0
179.0 602.0 178.0 625.0 97.0 621.0 100.0 600.0 large-vehicle 0
170.0 660.0 168.0 681.0 89.0 679.0 91.0 658.0 large-vehicle 0
166.0 687.0 168.0 707.0 86.0 711.0 87.0 691.0 large-vehicle 0
165.0 718.0 162.0 736.0 81.0 732.0 83.0 713.0 large-vehicle 0
164.0 745.0 162.0 763.0 83.0 765.0 84.0 743.0 large-vehicle 0
161.0 774.0 161.0 794.0 80.0 792.0 79.0 772.0 large-vehicle 0
152.0 802.0 148.0 821.0 88.0 817.0 90.0 797.0 large-vehicle 0
146.0 831.0 146.0 849.0 84.0 851.0 85.0 831.0 large-vehicle 0
149.0 857.0 146.0 878.0 88.0 878.0 88.0 858.0 large-vehicle 0
147.0 886.0 147.0 907.0 87.0 907.0 88.0 885.0 large-vehicle 0
286.0 211.0 286.0 189.0 374.0 189.0 373.0 209.0 large-vehicle 0
284.0 243.0 285.0 221.0 375.0 225.0 374.0 246.0 large-vehicle 0
282.0 358.0 284.0 338.0 372.0 341.0 371.0 366.0 large-vehicle 0
282.0 414.0 283.0 391.0 374.0 397.0 373.0 418.0 large-vehicle 0
283.0 442.0 284.0 423.0 375.0 426.0 374.0 447.0 large-vehicle 0
284.0 475.0 284.0 453.0 374.0 456.0 374.0 474.0 large-vehicle 0
280.0 529.0 283.0 504.0 376.0 514.0 376.0 533.0 large-vehicle 0
283.0 558.0 284.0 540.0 376.0 542.0 376.0 561.0 large-vehicle 0
279.0 586.0 282.0 566.0 374.0 571.0 373.0 591.0 large-vehicle 0
276.0 618.0 276.0 595.0 368.0 599.0 368.0 619.0 large-vehicle 0
281.0 644.0 282.0 626.0 374.0 628.0 371.0 648.0 large-vehicle 0
578.0 284.0 579.0 263.0 628.0 264.0 627.0 284.0 large-vehicle 0
576.0 312.0 579.0 293.0 628.0 298.0 628.0 314.0 large-vehicle 0
576.0 338.0 578.0 319.0 626.0 323.0 626.0 339.0 large-vehicle 0
572.0 367.0 574.0 349.0 623.0 349.0 621.0 369.0 large-vehicle 0
34.0 2.0 53.0 1.0 49.0 32.0 31.0 32.0 small-vehicle 0
46.0 39.0 63.0 38.0 61.0 73.0 41.0 74.0 small-vehicle 0
166.0 86.0 166.0 106.0 121.0 107.0 120.0 85.0 small-vehicle 0
224.0 82.0 226.0 99.0 186.0 102.0 185.0 87.0 small-vehicle 0
461.0 25.0 481.0 30.0 470.0 70.0 452.0 64.0 small-vehicle 1
500.0 32.0 518.0 34.0 512.0 73.0 494.0 70.0 small-vehicle 1
517.0 32.0 535.0 34.0 531.0 75.0 513.0 74.0 small-vehicle 1
534.0 37.0 549.0 38.0 546.0 68.0 531.0 67.0 small-vehicle 1
571.0 74.0 551.0 75.0 549.0 38.0 569.0 37.0 small-vehicle 1
575.0 27.0 595.0 27.0 596.0 69.0 575.0 69.0 small-vehicle 1
620.0 32.0 638.0 33.0 638.0 65.0 620.0 65.0 small-vehicle 1
671.0 32.0 692.0 31.0 695.0 73.0 674.0 75.0 small-vehicle 1
421.0 155.0 421.0 135.0 466.0 134.0 466.0 153.0 small-vehicle 1
412.0 136.0 413.0 155.0 369.0 158.0 368.0 139.0 small-vehicle 0
322.0 142.0 322.0 161.0 282.0 162.0 282.0 143.0 small-vehicle 1
277.0 144.0 279.0 162.0 236.0 167.0 234.0 148.0 small-vehicle 1
231.0 147.0 234.0 165.0 190.0 171.0 187.0 153.0 small-vehicle 1
36.0 318.0 38.0 299.0 81.0 304.0 79.0 321.0 small-vehicle 1
40.0 342.0 41.0 326.0 80.0 326.0 81.0 342.0 small-vehicle 1
39.0 373.0 39.0 357.0 83.0 359.0 82.0 376.0 small-vehicle 1
38.0 397.0 39.0 381.0 81.0 382.0 81.0 399.0 small-vehicle 1
34.0 419.0 34.0 402.0 80.0 406.0 78.0 422.0 small-vehicle 1
36.0 443.0 36.0 426.0 80.0 426.0 79.0 444.0 small-vehicle 1
26.0 562.0 27.0 535.0 81.0 538.0 81.0 563.0 small-vehicle 1
80.0 620.0 76.0 637.0 37.0 632.0 40.0 615.0 small-vehicle 1
78.0 663.0 78.0 681.0 38.0 683.0 37.0 665.0 small-vehicle 1
77.0 582.0 76.0 600.0 38.0 601.0 38.0 582.0 small-vehicle 0
76.0 644.0 76.0 664.0 32.0 663.0 33.0 644.0 small-vehicle 0
77.0 691.0 77.0 710.0 29.0 710.0 29.0 691.0 small-vehicle 0
696.0 911.0 684.0 895.0 723.0 860.0 736.0 878.0 large-vehicle 0
694.0 879.0 682.0 860.0 719.0 828.0 731.0 844.0 large-vehicle 0
693.0 846.0 680.0 827.0 718.0 792.0 731.0 808.0 large-vehicle 0
570.0 861.0 573.0 841.0 624.0 845.0 621.0 865.0 large-vehicle 0
574.0 396.0 574.0 377.0 621.0 378.0 621.0 397.0 large-vehicle 0
576.0 426.0 578.0 406.0 626.0 408.0 626.0 426.0 large-vehicle 0
573.0 454.0 574.0 436.0 621.0 436.0 621.0 455.0 large-vehicle 0
574.0 479.0 576.0 462.0 626.0 463.0 623.0 481.0 large-vehicle 0
573.0 508.0 573.0 488.0 621.0 488.0 621.0 508.0 large-vehicle 0
573.0 538.0 573.0 519.0 621.0 518.0 622.0 536.0 large-vehicle 0
568.0 563.0 571.0 543.0 620.0 546.0 619.0 568.0 large-vehicle 0
569.0 592.0 571.0 573.0 622.0 577.0 619.0 597.0 large-vehicle 0
566.0 617.0 569.0 600.0 618.0 601.0 614.0 622.0 large-vehicle 0
574.0 649.0 576.0 628.0 625.0 628.0 624.0 649.0 large-vehicle 0
565.0 674.0 571.0 656.0 619.0 659.0 618.0 678.0 large-vehicle 0
566.0 705.0 566.0 686.0 617.0 685.0 617.0 706.0 large-vehicle 0
570.0 833.0 571.0 814.0 626.0 817.0 624.0 836.0 large-vehicle 0
568.0 890.0 569.0 869.0 621.0 874.0 617.0 894.0 large-vehicle 0
698.0 805.0 686.0 789.0 722.0 755.0 736.0 771.0 large-vehicle 0
565.0 916.0 571.0 897.0 620.0 898.0 615.0 921.0 large-vehicle 0
695.0 351.0 683.0 336.0 719.0 302.0 733.0 317.0 large-vehicle 0
701.0 418.0 686.0 402.0 722.0 367.0 736.0 383.0 large-vehicle 0
696.0 454.0 682.0 436.0 722.0 407.0 736.0 424.0 large-vehicle 0
695.0 490.0 683.0 469.0 723.0 442.0 734.0 457.0 large-vehicle 0
701.0 520.0 687.0 503.0 728.0 471.0 740.0 487.0 large-vehicle 0
701.0 556.0 684.0 540.0 726.0 508.0 740.0 523.0 large-vehicle 0
698.0 593.0 686.0 570.0 728.0 544.0 739.0 560.0 large-vehicle 0
698.0 627.0 687.0 607.0 727.0 577.0 740.0 594.0 large-vehicle 0
696.0 662.0 684.0 642.0 723.0 613.0 736.0 630.0 large-vehicle 0
704.0 695.0 689.0 677.0 728.0 645.0 741.0 662.0 large-vehicle 0
698.0 735.0 684.0 718.0 721.0 684.0 734.0 701.0 large-vehicle 0
703.0 769.0 688.0 751.0 723.0 718.0 737.0 731.0 large-vehicle 0
181.0 226.0 180.0 246.0 97.0 242.0 99.0 222.0 large-vehicle 0
