907.0 127.0 889.0 126.0 890.0 88.0 908.0 89.0 small-vehicle 1
1.0 187.0 1.0 187.0 1.0 219.0 1.0 219.0 small-vehicle 2
1.0 220.0 1.0 220.0 1.0 254.0 1.0 254.0 small-vehicle 2
2.0 145.0 19.0 145.0 19.0 179.0 2.0 179.0 small-vehicle 0
3.0 181.0 18.0 181.0 18.0 221.0 3.0 221.0 small-vehicle 0
2.0 222.0 18.0 222.0 18.0 257.0 2.0 257.0 small-vehicle 0
20.0 190.0 35.0 190.0 35.0 220.0 20.0 220.0 small-vehicle 0
38.0 220.0 56.0 220.0 56.0 258.0 38.0 258.0 small-vehicle 0
75.0 182.0 94.0 182.0 94.0 222.0 75.0 222.0 small-vehicle 0
74.0 223.0 92.0 223.0 92.0 257.0 74.0 257.0 small-vehicle 0
267.0 528.0 281.0 528.0 281.0 560.0 267.0 560.0 small-vehicle 0
268.0 562.0 282.0 562.0 282.0 590.0 268.0 590.0 small-vehicle 0
267.0 590.0 281.0 590.0 281.0 621.0 267.0 621.0 small-vehicle 0
248.0 588.0 262.0 588.0 262.0 622.0 248.0 622.0 small-vehicle 0
300.0 547.0 317.0 547.0 317.0 590.0 300.0 590.0 small-vehicle 0
303.0 590.0 317.0 590.0 317.0 623.0 303.0 623.0 small-vehicle 0
320.0 545.0 336.0 545.0 336.0 583.0 320.0 583.0 small-vehicle 0
321.0 583.0 336.0 583.0 336.0 622.0 321.0 622.0 small-vehicle 0
358.0 536.0 375.0 536.0 375.0 578.0 358.0 578.0 small-vehicle 0
356.0 578.0 374.0 578.0 374.0 620.0 356.0 620.0 small-vehicle 0
398.0 592.0 412.0 592.0 412.0 624.0 398.0 624.0 small-vehicle 0
413.0 592.0 427.0 592.0 427.0 624.0 413.0 624.0 small-vehicle 0
429.0 592.0 443.0 592.0 443.0 623.0 429.0 623.0 small-vehicle 0
445.0 591.0 461.0 591.0 461.0 620.0 445.0 620.0 small-vehicle 0
465.0 594.0 478.0 594.0 478.0 623.0 465.0 623.0 small-vehicle 0
496.0 594.0 509.0 594.0 509.0 620.0 496.0 620.0 small-vehicle 0
511.0 592.0 528.0 592.0 528.0 622.0 511.0 622.0 small-vehicle 0
533.0 590.0 546.0 590.0 546.0 621.0 533.0 621.0 small-vehicle 0
553.0 586.0 568.0 586.0 568.0 621.0 553.0 621.0 small-vehicle 0
157.0 592.0 171.0 592.0 171.0 622.0 157.0 622.0 small-vehicle 0
159.0 563.0 173.0 563.0 173.0 592.0 159.0 592.0 small-vehicle 0
158.0 531.0 171.0 531.0 171.0 562.0 158.0 562.0 small-vehicle 0
213.0 407.0 227.0 407.0 227.0 445.0 213.0 445.0 small-vehicle 0
773.0 142.0 788.0 142.0 788.0 182.0 773.0 182.0 small-vehicle 0
794.0 143.0 809.0 143.0 809.0 180.0 794.0 180.0 small-vehicle 0
302.0 354.0 319.0 354.0 319.0 394.0 302.0 394.0 small-vehicle 0
303.0 394.0 318.0 394.0 318.0 430.0 303.0 430.0 small-vehicle 0
302.0 432.0 319.0 432.0 319.0 468.0 302.0 468.0 small-vehicle 0
303.0 468.0 321.0 468.0 321.0 507.0 303.0 507.0 small-vehicle 0
192.0 369.0 209.0 369.0 209.0 411.0 192.0 411.0 small-vehicle 0
194.0 410.0 208.0 410.0 208.0 439.0 194.0 439.0 small-vehicle 0
212.0 445.0 229.0 445.0 229.0 484.0 212.0 484.0 small-vehicle 0
211.0 585.0 225.0 585.0 225.0 620.0 211.0 620.0 small-vehicle 0
211.0 485.0 227.0 485.0 227.0 522.0 211.0 522.0 small-vehicle 0
212.0 523.0 228.0 523.0 228.0 556.0 212.0 556.0 small-vehicle 0
193.0 441.0 210.0 441.0 210.0 479.0 193.0 479.0 small-vehicle 0
193.0 479.0 209.0 479.0 209.0 514.0 193.0 514.0 small-vehicle 0
192.0 516.0 207.0 516.0 207.0 552.0 192.0 552.0 small-vehicle 0
192.0 552.0 207.0 552.0 207.0 588.0 192.0 588.0 small-vehicle 0
191.0 589.0 206.0 589.0 206.0 622.0 191.0 622.0 small-vehicle 0
213.0 557.0 226.0 557.0 226.0 585.0 213.0 585.0 small-vehicle 0
573.0 584.0 589.0 584.0 589.0 622.0 573.0 622.0 small-vehicle 0
594.0 585.0 611.0 585.0 611.0 622.0 594.0 622.0 small-vehicle 0
617.0 584.0 633.0 584.0 633.0 622.0 617.0 622.0 small-vehicle 0
732.0 1.0 750.0 1.0 750.0 34.0 732.0 34.0 small-vehicle 0
751.0 1.0 768.0 1.0 768.0 37.0 751.0 37.0 small-vehicle 0
697.0 1.0 712.0 1.0 712.0 30.0 697.0 30.0 small-vehicle 0
715.0 1.0 730.0 1.0 730.0 35.0 715.0 35.0 small-vehicle 0
678.0 1.0 694.0 1.0 694.0 31.0 678.0 31.0 small-vehicle 0
638.0 589.0 652.0 589.0 652.0 619.0 638.0 619.0 small-vehicle 0
472.0 1.0 489.0 1.0 489.0 36.0 472.0 36.0 small-vehicle 0
656.0 586.0 672.0 586.0 672.0 617.0 656.0 617.0 small-vehicle 0
674.0 582.0 692.0 582.0 692.0 621.0 674.0 621.0 small-vehicle 0
702.0 586.0 716.0 586.0 716.0 616.0 702.0 616.0 small-vehicle 0
722.0 581.0 739.0 581.0 739.0 621.0 722.0 621.0 small-vehicle 0
742.0 583.0 759.0 583.0 759.0 618.0 742.0 618.0 small-vehicle 0
765.0 580.0 784.0 580.0 784.0 621.0 765.0 621.0 small-vehicle 0
801.0 586.0 817.0 586.0 817.0 619.0 801.0 619.0 small-vehicle 0
453.0 1.0 470.0 1.0 470.0 37.0 453.0 37.0 small-vehicle 0
491.0 1.0 507.0 1.0 507.0 34.0 491.0 34.0 small-vehicle 0
659.0 1.0 676.0 1.0 676.0 32.0 659.0 32.0 small-vehicle 0
512.0 1.0 526.0 1.0 526.0 34.0 512.0 34.0 small-vehicle 0
529.0 1.0 544.0 1.0 544.0 33.0 529.0 33.0 small-vehicle 0
548.0 1.0 563.0 1.0 563.0 30.0 548.0 30.0 small-vehicle 0
567.0 1.0 583.0 1.0 583.0 32.0 567.0 32.0 small-vehicle 0
584.0 1.0 601.0 1.0 601.0 33.0 584.0 33.0 small-vehicle 0
604.0 1.0 621.0 1.0 621.0 29.0 604.0 29.0 small-vehicle 0
623.0 1.0 637.0 1.0 637.0 29.0 623.0 29.0 small-vehicle 0
640.0 1.0 656.0 1.0 656.0 29.0 640.0 29.0 small-vehicle 0
753.0 140.0 769.0 140.0 769.0 179.0 753.0 179.0 small-vehicle 0
734.0 140.0 751.0 140.0 751.0 181.0 734.0 181.0 small-vehicle 0
714.0 140.0 732.0 140.0 732.0 180.0 714.0 180.0 small-vehicle 0
696.0 141.0 713.0 141.0 713.0 182.0 696.0 182.0 small-vehicle 0
511.0 142.0 525.0 142.0 525.0 178.0 511.0 178.0 small-vehicle 0
361.0 145.0 380.0 145.0 380.0 184.0 361.0 184.0 small-vehicle 0
380.0 144.0 395.0 144.0 395.0 181.0 380.0 181.0 small-vehicle 0
397.0 142.0 413.0 142.0 413.0 182.0 397.0 182.0 small-vehicle 0
415.0 141.0 431.0 141.0 431.0 183.0 415.0 183.0 small-vehicle 0
435.0 142.0 452.0 142.0 452.0 182.0 435.0 182.0 small-vehicle 0
455.0 142.0 470.0 142.0 470.0 179.0 455.0 179.0 small-vehicle 0
472.0 142.0 489.0 142.0 489.0 178.0 472.0 178.0 small-vehicle 0
492.0 143.0 507.0 143.0 507.0 176.0 492.0 176.0 small-vehicle 0
529.0 142.0 544.0 142.0 544.0 182.0 529.0 182.0 small-vehicle 0
195.0 142.0 211.0 142.0 211.0 181.0 195.0 181.0 small-vehicle 0
546.0 141.0 563.0 141.0 563.0 182.0 546.0 182.0 small-vehicle 0
566.0 142.0 582.0 142.0 582.0 182.0 566.0 182.0 small-vehicle 0
584.0 141.0 600.0 141.0 600.0 182.0 584.0 182.0 small-vehicle 0
603.0 142.0 618.0 142.0 618.0 182.0 603.0 182.0 small-vehicle 0
621.0 141.0 635.0 141.0 635.0 181.0 621.0 181.0 small-vehicle 0
639.0 141.0 656.0 141.0 656.0 182.0 639.0 182.0 small-vehicle 0
659.0 142.0 674.0 142.0 674.0 181.0 659.0 181.0 small-vehicle 0
675.0 142.0 693.0 142.0 693.0 184.0 675.0 184.0 small-vehicle 0
342.0 144.0 359.0 144.0 359.0 184.0 342.0 184.0 small-vehicle 0
436.0 1.0 451.0 1.0 451.0 33.0 436.0 33.0 small-vehicle 0
232.0 1.0 247.0 1.0 247.0 29.0 232.0 29.0 small-vehicle 0
158.0 1.0 173.0 1.0 173.0 31.0 158.0 31.0 small-vehicle 0
175.0 1.0 192.0 1.0 192.0 32.0 175.0 32.0 small-vehicle 0
194.0 1.0 211.0 1.0 211.0 31.0 194.0 31.0 small-vehicle 0
211.0 1.0 230.0 1.0 230.0 33.0 211.0 33.0 small-vehicle 0
249.0 1.0 266.0 1.0 266.0 31.0 249.0 31.0 small-vehicle 0
417.0 1.0 433.0 1.0 433.0 32.0 417.0 32.0 small-vehicle 0
270.0 1.0 287.0 1.0 287.0 31.0 270.0 31.0 small-vehicle 0
288.0 1.0 305.0 1.0 305.0 31.0 288.0 31.0 small-vehicle 0
307.0 1.0 323.0 1.0 323.0 28.0 307.0 28.0 small-vehicle 0
324.0 1.0 342.0 1.0 342.0 34.0 324.0 34.0 small-vehicle 0
343.0 1.0 360.0 1.0 360.0 33.0 343.0 33.0 small-vehicle 0
362.0 1.0 379.0 1.0 379.0 35.0 362.0 35.0 small-vehicle 0
382.0 1.0 396.0 1.0 396.0 34.0 382.0 34.0 small-vehicle 0
399.0 1.0 415.0 1.0 415.0 28.0 399.0 28.0 small-vehicle 0
211.0 221.0 192.0 222.0 193.0 185.0 210.0 186.0 small-vehicle 0
414.0 221.0 398.0 222.0 396.0 187.0 413.0 185.0 small-vehicle 0
250.0 222.0 232.0 221.0 230.0 187.0 248.0 187.0 small-vehicle 0
287.0 225.0 267.0 225.0 267.0 186.0 287.0 184.0 small-vehicle 0
305.0 223.0 286.0 226.0 287.0 185.0 304.0 186.0 small-vehicle 0
322.0 223.0 303.0 224.0 305.0 186.0 322.0 187.0 small-vehicle 0
340.0 222.0 320.0 223.0 321.0 187.0 340.0 185.0 small-vehicle 0
360.0 222.0 340.0 223.0 339.0 187.0 357.0 185.0 small-vehicle 0
376.0 223.0 359.0 222.0 359.0 185.0 379.0 186.0 small-vehicle 0
397.0 222.0 377.0 222.0 379.0 187.0 397.0 186.0 small-vehicle 0
432.0 222.0 416.0 221.0 414.0 185.0 433.0 187.0 small-vehicle 0
229.0 222.0 209.0 221.0 211.0 185.0 231.0 187.0 small-vehicle 0
194.0 222.0 173.0 222.0 175.0 187.0 193.0 187.0 small-vehicle 0
174.0 222.0 155.0 221.0 155.0 187.0 174.0 186.0 small-vehicle 0
812.0 3.0 795.0 4.0 794.0 1.0 812.0 1.0 small-vehicle 2
813.0 38.0 794.0 37.0 794.0 4.0 812.0 3.0 small-vehicle 0
812.0 85.0 795.0 84.0 794.0 47.0 812.0 48.0 small-vehicle 0
814.0 123.0 795.0 122.0 796.0 87.0 810.0 85.0 small-vehicle 0
732.0 222.0 715.0 223.0 715.0 184.0 733.0 183.0 small-vehicle 0
754.0 215.0 736.0 214.0 738.0 186.0 753.0 186.0 small-vehicle 0
786.0 221.0 768.0 222.0 770.0 185.0 784.0 182.0 small-vehicle 0
809.0 220.0 793.0 220.0 793.0 185.0 809.0 185.0 small-vehicle 0
713.0 315.0 695.0 315.0 696.0 280.0 711.0 281.0 small-vehicle 0
401.0 455.0 415.0 455.0 415.0 485.0 399.0 483.0 small-vehicle 0
765.0 521.0 748.0 521.0 747.0 493.0 764.0 493.0 small-vehicle 0
618.0 359.0 636.0 358.0 637.0 395.0 617.0 394.0 small-vehicle 0
619.0 402.0 636.0 402.0 637.0 439.0 618.0 438.0 small-vehicle 0
620.0 453.0 636.0 453.0 634.0 492.0 617.0 489.0 small-vehicle 0
815.0 410.0 800.0 409.0 802.0 383.0 817.0 384.0 small-vehicle 0
817.0 451.0 802.0 451.0 801.0 423.0 814.0 422.0 small-vehicle 0
817.0 495.0 804.0 492.0 803.0 470.0 817.0 471.0 small-vehicle 0
817.0 537.0 800.0 537.0 799.0 506.0 815.0 507.0 small-vehicle 0
421.0 410.0 436.0 408.0 437.0 437.0 421.0 437.0 small-vehicle 0
765.0 459.0 748.0 459.0 748.0 428.0 764.0 429.0 small-vehicle 0
444.0 375.0 459.0 374.0 455.0 410.0 440.0 409.0 small-vehicle 0
478.0 321.0 497.0 321.0 495.0 355.0 478.0 357.0 small-vehicle 0
483.0 272.0 497.0 273.0 497.0 304.0 480.0 302.0 small-vehicle 0
408.0 267.0 423.0 267.0 421.0 303.0 406.0 302.0 small-vehicle 0
382.0 264.0 397.0 264.0 394.0 293.0 381.0 293.0 small-vehicle 0
377.0 300.0 360.0 301.0 358.0 268.0 377.0 265.0 small-vehicle 0
359.0 300.0 340.0 297.0 340.0 262.0 358.0 260.0 small-vehicle 0
174.0 303.0 155.0 302.0 156.0 265.0 177.0 264.0 small-vehicle 0
765.0 491.0 748.0 489.0 748.0 463.0 765.0 462.0 small-vehicle 0
764.0 424.0 748.0 426.0 748.0 398.0 764.0 395.0 small-vehicle 0
712.0 347.0 694.0 347.0 695.0 316.0 713.0 315.0 small-vehicle 0
730.0 521.0 716.0 522.0 719.0 498.0 732.0 498.0 small-vehicle 0
713.0 384.0 696.0 385.0 696.0 352.0 712.0 352.0 small-vehicle 0
696.0 385.0 679.0 387.0 677.0 350.0 697.0 348.0 small-vehicle 0
697.0 421.0 680.0 422.0 678.0 388.0 696.0 386.0 small-vehicle 0
698.0 459.0 681.0 460.0 679.0 425.0 696.0 423.0 small-vehicle 0
715.0 456.0 700.0 459.0 698.0 424.0 713.0 427.0 small-vehicle 0
698.0 493.0 682.0 494.0 682.0 463.0 697.0 462.0 small-vehicle 0
698.0 530.0 680.0 528.0 680.0 498.0 698.0 495.0 small-vehicle 0
716.0 524.0 700.0 523.0 700.0 495.0 716.0 498.0 small-vehicle 0
731.0 495.0 716.0 495.0 717.0 467.0 731.0 467.0 small-vehicle 0
764.0 394.0 745.0 397.0 744.0 360.0 764.0 358.0 small-vehicle 0
715.0 495.0 701.0 495.0 700.0 463.0 716.0 461.0 small-vehicle 0
731.0 464.0 717.0 463.0 716.0 437.0 731.0 436.0 small-vehicle 0
732.0 438.0 716.0 437.0 715.0 407.0 732.0 407.0 small-vehicle 0
715.0 421.0 700.0 422.0 699.0 386.0 715.0 384.0 small-vehicle 0
732.0 404.0 715.0 405.0 715.0 371.0 732.0 371.0 small-vehicle 0
733.0 369.0 716.0 369.0 715.0 334.0 729.0 333.0 small-vehicle 0
733.0 331.0 715.0 330.0 715.0 296.0 732.0 294.0 small-vehicle 0
763.0 357.0 745.0 357.0 744.0 324.0 761.0 324.0 small-vehicle 0
920.0 700.0 893.0 701.0 888.0 576.0 917.0 577.0 large-vehicle 0
611.0 738.0 637.0 737.0 637.0 840.0 611.0 839.0 large-vehicle 0
459.0 630.0 484.0 630.0 482.0 734.0 456.0 732.0 large-vehicle 0
380.0 736.0 405.0 736.0 405.0 837.0 379.0 836.0 large-vehicle 0
584.0 634.0 612.0 634.0 611.0 738.0 584.0 736.0 large-vehicle 0
611.0 633.0 636.0 631.0 636.0 737.0 611.0 738.0 large-vehicle 0
638.0 638.0 662.0 640.0 663.0 737.0 636.0 738.0 large-vehicle 0
663.0 636.0 690.0 637.0 688.0 739.0 662.0 740.0 large-vehicle 0
716.0 633.0 743.0 631.0 741.0 737.0 714.0 733.0 large-vehicle 0
583.0 738.0 611.0 737.0 611.0 841.0 583.0 838.0 large-vehicle 0
636.0 739.0 663.0 738.0 663.0 840.0 637.0 839.0 large-vehicle 0
662.0 740.0 689.0 739.0 688.0 841.0 663.0 840.0 large-vehicle 0
715.0 738.0 742.0 737.0 743.0 841.0 713.0 841.0 large-vehicle 0
303.0 148.0 319.0 139.0 341.0 170.0 326.0 179.0 small-vehicle 1
174.0 141.0 192.0 144.0 190.0 176.0 174.0 177.0 small-vehicle 1
407.0 632.0 432.0 632.0 430.0 734.0 406.0 734.0 large-vehicle 0
382.0 634.0 409.0 634.0 406.0 731.0 382.0 731.0 large-vehicle 0
159.0 737.0 182.0 740.0 181.0 841.0 157.0 842.0 large-vehicle 0
132.0 737.0 160.0 737.0 156.0 842.0 133.0 841.0 large-vehicle 0
135.0 634.0 158.0 634.0 159.0 736.0 133.0 738.0 large-vehicle 0
7.0 637.0 34.0 638.0 33.0 738.0 5.0 739.0 large-vehicle 0
35.0 635.0 59.0 636.0 58.0 735.0 33.0 736.0 large-vehicle 0
59.0 634.0 83.0 636.0 83.0 737.0 58.0 738.0 large-vehicle 0
85.0 635.0 107.0 636.0 108.0 737.0 83.0 738.0 large-vehicle 0
108.0 636.0 134.0 634.0 133.0 738.0 109.0 738.0 large-vehicle 0
160.0 629.0 182.0 629.0 181.0 731.0 159.0 730.0 large-vehicle 0
186.0 637.0 208.0 638.0 207.0 735.0 185.0 736.0 large-vehicle 0
212.0 633.0 232.0 633.0 230.0 733.0 211.0 735.0 large-vehicle 0
236.0 632.0 258.0 632.0 255.0 731.0 235.0 731.0 large-vehicle 0
12.0 739.0 34.0 737.0 32.0 843.0 9.0 841.0 large-vehicle 0
35.0 737.0 58.0 737.0 56.0 843.0 35.0 841.0 large-vehicle 0
58.0 737.0 82.0 736.0 82.0 843.0 57.0 842.0 large-vehicle 0
83.0 737.0 107.0 737.0 107.0 843.0 81.0 844.0 large-vehicle 0
107.0 738.0 131.0 738.0 132.0 843.0 107.0 843.0 large-vehicle 0
115.0 9.0 115.0 1.0 150.0 1.0 150.0 8.0 small-vehicle 2
115.0 28.0 114.0 9.0 150.0 8.0 151.0 28.0 small-vehicle 0
113.0 50.0 114.0 28.0 152.0 29.0 151.0 50.0 small-vehicle 0
80.0 1.0 80.0 13.0 45.0 14.0 44.0 1.0 small-vehicle 0
2.0 12.0 2.0 1.0 39.0 1.0 39.0 12.0 small-vehicle 2
2.0 30.0 2.0 13.0 38.0 12.0 39.0 29.0 small-vehicle 0
1.0 53.0 0.0 34.0 40.0 32.0 41.0 52.0 small-vehicle 0
0.0 90.0 0.0 71.0 39.0 69.0 40.0 91.0 small-vehicle 0
78.0 92.0 77.0 111.0 42.0 109.0 40.0 93.0 small-vehicle 0
77.0 73.0 78.0 92.0 47.0 90.0 49.0 72.0 small-vehicle 0
78.0 54.0 77.0 72.0 41.0 73.0 42.0 55.0 small-vehicle 0
80.0 13.0 80.0 34.0 41.0 34.0 39.0 13.0 small-vehicle 0
747.0 70.0 726.0 72.0 728.0 35.0 747.0 37.0 small-vehicle 0
767.0 72.0 746.0 71.0 746.0 36.0 763.0 36.0 small-vehicle 0
173.0 109.0 153.0 110.0 154.0 71.0 172.0 71.0 small-vehicle 0
190.0 110.0 172.0 109.0 171.0 77.0 190.0 78.0 small-vehicle 0
208.0 109.0 191.0 108.0 191.0 75.0 207.0 75.0 small-vehicle 0
225.0 110.0 207.0 108.0 208.0 73.0 225.0 72.0 small-vehicle 0
245.0 109.0 225.0 109.0 225.0 72.0 245.0 71.0 small-vehicle 0
264.0 109.0 246.0 110.0 246.0 75.0 262.0 74.0 small-vehicle 0
283.0 109.0 266.0 109.0 264.0 71.0 282.0 72.0 small-vehicle 0
302.0 109.0 284.0 109.0 284.0 71.0 301.0 71.0 small-vehicle 0
320.0 109.0 302.0 109.0 301.0 71.0 319.0 71.0 small-vehicle 0
338.0 110.0 320.0 110.0 321.0 72.0 338.0 71.0 small-vehicle 0
357.0 110.0 339.0 111.0 338.0 69.0 355.0 71.0 small-vehicle 0
375.0 109.0 356.0 110.0 355.0 72.0 375.0 72.0 small-vehicle 0
393.0 110.0 376.0 109.0 375.0 74.0 392.0 72.0 small-vehicle 0
413.0 110.0 393.0 110.0 391.0 72.0 412.0 71.0 small-vehicle 0
431.0 110.0 413.0 109.0 412.0 70.0 429.0 70.0 small-vehicle 0
448.0 109.0 431.0 110.0 430.0 70.0 450.0 71.0 small-vehicle 0
469.0 110.0 449.0 109.0 449.0 73.0 467.0 71.0 small-vehicle 0
728.0 71.0 710.0 72.0 710.0 36.0 726.0 36.0 small-vehicle 0
709.0 71.0 692.0 71.0 691.0 34.0 710.0 35.0 small-vehicle 0
691.0 71.0 673.0 72.0 674.0 39.0 691.0 38.0 small-vehicle 0
488.0 71.0 469.0 71.0 468.0 36.0 487.0 36.0 small-vehicle 0
337.0 70.0 319.0 71.0 320.0 34.0 338.0 36.0 small-vehicle 0
355.0 70.0 337.0 70.0 338.0 36.0 355.0 35.0 small-vehicle 0
377.0 70.0 355.0 71.0 354.0 34.0 375.0 35.0 small-vehicle 0
392.0 70.0 376.0 71.0 376.0 36.0 394.0 34.0 small-vehicle 0
414.0 71.0 392.0 72.0 395.0 36.0 411.0 38.0 small-vehicle 0
430.0 71.0 411.0 71.0 412.0 33.0 429.0 33.0 small-vehicle 0
450.0 71.0 430.0 70.0 430.0 37.0 449.0 38.0 small-vehicle 0
467.0 70.0 450.0 71.0 449.0 37.0 468.0 38.0 small-vehicle 0
506.0 70.0 487.0 70.0 486.0 36.0 507.0 35.0 small-vehicle 0
671.0 70.0 653.0 71.0 654.0 36.0 673.0 35.0 small-vehicle 0
523.0 71.0 506.0 71.0 504.0 37.0 525.0 36.0 small-vehicle 0
543.0 72.0 524.0 72.0 523.0 38.0 542.0 37.0 small-vehicle 0
561.0 71.0 543.0 70.0 542.0 36.0 561.0 38.0 small-vehicle 0
580.0 71.0 562.0 72.0 560.0 31.0 579.0 32.0 small-vehicle 0
598.0 70.0 580.0 71.0 579.0 34.0 598.0 34.0 small-vehicle 0
617.0 70.0 599.0 70.0 597.0 36.0 616.0 36.0 small-vehicle 0
635.0 70.0 616.0 70.0 618.0 32.0 636.0 30.0 small-vehicle 0
654.0 71.0 636.0 70.0 636.0 35.0 652.0 35.0 small-vehicle 0
488.0 110.0 469.0 110.0 469.0 71.0 486.0 71.0 small-vehicle 0
503.0 110.0 488.0 110.0 487.0 72.0 506.0 71.0 small-vehicle 0
524.0 108.0 506.0 109.0 506.0 72.0 525.0 72.0 small-vehicle 0
543.0 111.0 524.0 109.0 524.0 72.0 543.0 71.0 small-vehicle 0
708.0 109.0 688.0 109.0 690.0 72.0 709.0 73.0 small-vehicle 0
563.0 110.0 543.0 110.0 543.0 71.0 560.0 72.0 small-vehicle 0
578.0 109.0 561.0 108.0 560.0 73.0 581.0 71.0 small-vehicle 0
597.0 107.0 578.0 109.0 580.0 73.0 599.0 72.0 small-vehicle 0
618.0 108.0 599.0 108.0 599.0 73.0 617.0 71.0 small-vehicle 0
636.0 109.0 617.0 109.0 617.0 71.0 634.0 71.0 small-vehicle 0
654.0 108.0 635.0 109.0 635.0 71.0 654.0 71.0 small-vehicle 0
674.0 109.0 655.0 109.0 653.0 71.0 671.0 71.0 small-vehicle 0
688.0 109.0 672.0 109.0 672.0 72.0 689.0 72.0 small-vehicle 0
728.0 108.0 709.0 109.0 708.0 71.0 728.0 72.0 small-vehicle 0
746.0 107.0 729.0 108.0 727.0 71.0 745.0 71.0 small-vehicle 0
765.0 106.0 745.0 108.0 744.0 71.0 768.0 72.0 small-vehicle 0
320.0 71.0 303.0 70.0 302.0 35.0 319.0 34.0 small-vehicle 0
302.0 70.0 283.0 71.0 284.0 32.0 301.0 33.0 small-vehicle 0
284.0 70.0 264.0 70.0 262.0 34.0 282.0 34.0 small-vehicle 0
265.0 71.0 245.0 71.0 245.0 35.0 264.0 35.0 small-vehicle 0
170.0 71.0 154.0 70.0 153.0 35.0 170.0 35.0 small-vehicle 0
189.0 70.0 171.0 72.0 169.0 35.0 188.0 36.0 small-vehicle 0
208.0 71.0 190.0 70.0 189.0 36.0 206.0 35.0 small-vehicle 0
227.0 71.0 208.0 71.0 208.0 34.0 225.0 35.0 small-vehicle 0
245.0 71.0 226.0 70.0 225.0 35.0 244.0 35.0 small-vehicle 0