P0770__1__0___0 0.9 856.0 696.0 1024.0 781.0 1024.0 1024.0 752.0 1006.0
P0770__1__0___0 0.9 349.0 491.0 388.0 508.0 353.0 591.0 313.0 573.0
P0770__1__0___0 0.9 346.0 362.0 362.0 369.0 345.0 405.0 328.0 398.0
P0770__1__0___0 0.9 248.0 577.0 330.0 613.0 314.0 652.0 231.0 614.0
P0770__1__0___0 0.9 543.0 66.0 560.0 76.0 540.0 115.0 521.0 104.0
P0770__1__0___0 0.9 283.0 491.0 306.0 490.0 305.0 534.0 282.0 533.0
P0770__1__0___0 0.9 244.0 643.0 292.0 664.0 278.0 694.0 231.0 672.0
P0770__1__0___0 0.9 210.0 686.0 254.0 704.0 247.0 720.0 204.0 702.0
P0770__1__0___0 0.9 223.0 1010.0 240.0 1018.0 237.0 1024.0 217.0 1024.0
P0770__1__0___0 0.9 1013.0 345.0 1024.0 391.0 999.0 440.0 962.0 420.0
P0770__1__0___0 0.9 941.0 310.0 978.0 329.0 939.0 409.0 900.0 390.0
P0770__1__0___0 0.9 879.0 279.0 918.0 299.0 878.0 379.0 839.0 359.0
P0770__1__0___0 0.9 819.0 249.0 857.0 269.0 816.0 349.0 779.0 329.0
P0770__1__0___0 0.9 757.0 219.0 795.0 238.0 756.0 319.0 718.0 299.0
P0770__1__0___0 0.9 697.0 189.0 735.0 208.0 695.0 290.0 657.0 269.0
P0770__1__0___0 0.9 638.0 351.0 781.0 422.0 716.0 567.0 565.0 498.0
P0770__1__0___0 0.9 394.0 825.0 466.0 690.0 600.0 762.0 528.0 905.0
P0770__1__0___0 0.9 653.0 795.0 747.0 845.0 698.0 936.0 602.0 890.0
P0770__1__0___0 0.9 496.0 148.0 535.0 166.0 498.0 247.0 459.0 230.0
P0770__1__586___334 0.8 856.0 362.0 1024.0 447.0 1024.0 806.0 716.0 654.0
P0770__1__586___334 0.8 349.0 157.0 388.0 174.0 353.0 257.0 313.0 239.0
P0770__1__586___334 0.8 346.0 28.0 362.0 35.0 345.0 71.0 328.0 64.0
P0770__1__586___334 0.8 248.0 243.0 330.0 279.0 314.0 318.0 231.0 280.0
P0770__1__586___334 0.8 283.0 157.0 306.0 156.0 305.0 200.0 282.0 199.0
P0770__1__586___334 0.8 244.0 309.0 292.0 330.0 278.0 360.0 231.0 338.0
P0770__1__586___334 0.8 210.0 352.0 254.0 370.0 247.0 386.0 204.0 368.0
P0770__1__586___334 0.8 223.0 676.0 240.0 684.0 226.0 716.0 209.0 709.0
P0770__1__586___334 0.8 14.0 757.0 56.0 774.0 45.0 797.0 5.0 778.0
P0770__1__586___334 0.8 125.0 906.0 142.0 913.0 130.0 948.0 113.0 941.0
P0770__1__586___334 0.8 1013.0 11.0 1024.0 57.0 999.0 106.0 962.0 86.0
P0770__1__586___334 0.8 928.0 1.0 975.0 1.0 939.0 75.0 900.0 56.0
P0770__1__586___334 0.8 851.0 1.0 900.0 1.0 878.0 45.0 839.0 25.0
P0770__1__586___334 0.8 638.0 17.0 781.0 88.0 716.0 233.0 565.0 164.0
P0770__1__586___334 0.8 394.0 491.0 466.0 356.0 600.0 428.0 528.0 571.0
P0770__1__586___334 0.8 653.0 461.0 747.0 511.0 698.0 602.0 602.0 556.0
P0770__1__586___0 0.7 270.0 696.0 879.0 1016.0 202.0 1024.0 130.0 988.0
P0770__1__586___0 0.7 562.0 658.0 669.0 711.0 631.0 787.0 524.0 735.0
P0770__1__586___0 0.7 416.0 339.0 454.0 360.0 413.0 440.0 376.0 420.0
P0770__1__586___0 0.7 355.0 310.0 392.0 329.0 353.0 409.0 314.0 390.0
P0770__1__586___0 0.7 293.0 279.0 332.0 299.0 292.0 379.0 253.0 359.0
P0770__1__586___0 0.7 233.0 249.0 271.0 269.0 230.0 349.0 193.0 329.0
P0770__1__586___0 0.7 171.0 219.0 209.0 238.0 170.0 319.0 132.0 299.0
P0770__1__586___0 0.7 111.0 189.0 149.0 208.0 109.0 290.0 71.0 269.0
P0770__1__586___0 0.7 52.0 351.0 195.0 422.0 130.0 567.0 1.0 481.0
P0770__1__586___0 0.7 67.0 795.0 161.0 845.0 112.0 936.0 16.0 890.0
P0770__1__586___334 0.6 270.0 362.0 883.0 674.0 755.0 964.0 130.0 654.0
P0770__1__586___334 0.6 562.0 324.0 669.0 377.0 631.0 453.0 524.0 401.0
P0770__1__586___334 0.6 416.0 5.0 454.0 26.0 413.0 106.0 376.0 86.0
P0770__1__586___334 0.6 342.0 1.0 389.0 1.0 353.0 75.0 314.0 56.0
P0770__1__586___334 0.6 265.0 1.0 314.0 1.0 292.0 45.0 253.0 25.0
P0770__1__586___334 0.6 52.0 17.0 195.0 88.0 130.0 233.0 1.0 147.0
P0770__1__586___334 0.6 67.0 461.0 161.0 511.0 112.0 602.0 16.0 556.0
P1888__1__0___0 0.5 674.0 375.0 683.0 375.0 684.0 394.0 675.0 395.0
P1888__1__0___0 0.5 683.0 351.0 694.0 351.0 695.0 371.0 684.0 371.0
P1888__1__0___0 0.5 465.0 371.0 455.0 372.0 451.0 324.0 460.0 323.0
P1888__1__0___0 0.5 451.0 374.0 441.0 375.0 436.0 327.0 445.0 326.0
P1888__1__0___0 0.5 439.0 373.0 429.0 374.0 422.0 327.0 433.0 326.0
P1888__1__0___0 0.5 426.0 376.0 415.0 378.0 408.0 330.0 418.0 328.0
P1888__1__0___0 0.5 411.0 377.0 400.0 379.0 395.0 332.0 405.0 330.0
P1888__1__0___0 0.5 398.0 377.0 388.0 379.0 382.0 331.0 392.0 330.0
P1888__1__0___0 0.5 384.0 382.0 374.0 383.0 368.0 334.0 377.0 333.0
P1888__1__0___0 0.5 370.0 382.0 360.0 383.0 355.0 336.0 364.0 335.0
P1888__1__0___0 0.5 354.0 384.0 345.0 383.0 341.0 337.0 352.0 336.0
P1888__1__0___0 0.5 328.0 387.0 318.0 388.0 312.0 342.0 323.0 340.0
P1888__1__0___0 0.5 316.0 389.0 307.0 392.0 300.0 344.0 308.0 342.0
P1888__1__0___0 0.5 302.0 390.0 292.0 392.0 286.0 343.0 296.0 342.0
P1888__1__0___0 0.5 288.0 394.0 278.0 394.0 273.0 346.0 281.0 345.0
P1888__1__0___0 0.5 531.0 213.0 520.0 215.0 518.0 180.0 528.0 179.0
P1888__1__0___0 0.5 517.0 213.0 507.0 215.0 502.0 174.0 512.0 172.0
P1888__1__0___0 0.5 504.0 216.0 494.0 217.0 490.0 176.0 498.0 174.0
P1888__1__0___0 0.5 490.0 216.0 481.0 217.0 474.0 176.0 484.0 174.0
P1888__1__0___0 0.5 480.0 245.0 470.0 246.0 466.0 205.0 475.0 203.0
P1888__1__0___0 0.5 467.0 248.0 457.0 249.0 453.0 207.0 462.0 205.0
P1888__1__0___0 0.5 454.0 248.0 445.0 249.0 441.0 208.0 450.0 207.0
P1888__1__0___0 0.5 441.0 250.0 431.0 251.0 427.0 209.0 437.0 208.0
P1888__1__0___0 0.5 419.0 253.0 409.0 254.0 402.0 212.0 410.0 210.0
P1888__1__0___0 0.5 382.0 259.0 372.0 261.0 366.0 219.0 376.0 218.0
P1888__1__0___0 0.5 368.0 260.0 359.0 261.0 353.0 218.0 362.0 217.0
P1888__1__0___0 0.5 356.0 259.0 347.0 261.0 339.0 220.0 348.0 219.0
P1888__1__0___0 0.5 343.0 262.0 334.0 265.0 327.0 222.0 335.0 221.0
P1888__1__0___0 0.5 319.0 266.0 310.0 268.0 304.0 225.0 314.0 223.0
P1888__1__0___0 0.5 307.0 268.0 297.0 269.0 292.0 227.0 301.0 226.0
P1888__1__0___0 0.5 294.0 261.0 284.0 264.0 277.0 221.0 287.0 220.0
P1888__1__0___0 0.5 480.0 369.0 469.0 371.0 463.0 321.0 473.0 320.0
P1888__1__0___0 0.5 493.0 367.0 483.0 368.0 476.0 321.0 486.0 319.0
P1888__1__0___0 0.5 507.0 365.0 498.0 368.0 489.0 320.0 499.0 318.0
P1888__1__0___0 0.5 457.0 442.0 468.0 443.0 470.0 485.0 461.0 486.0
P1888__1__0___0 0.5 681.0 369.0 672.0 369.0 671.0 351.0 680.0 351.0
P1888__1__0___0 0.5 654.0 374.0 664.0 374.0 665.0 395.0 654.0 396.0
P1888__1__0___0 0.5 697.0 281.0 706.0 280.0 707.0 300.0 698.0 300.0
P1888__1__0___0 0.5 687.0 281.0 697.0 280.0 698.0 299.0 688.0 299.0
P1888__1__0___0 0.5 677.0 282.0 687.0 282.0 688.0 302.0 678.0 303.0
P1888__1__0___0 0.5 667.0 286.0 676.0 285.0 677.0 303.0 669.0 304.0
P1888__1__0___0 0.5 657.0 287.0 666.0 286.0 667.0 306.0 657.0 307.0
P1888__1__0___0 0.5 696.0 263.0 705.0 261.0 707.0 280.0 698.0 280.0
P1888__1__0___0 0.5 686.0 260.0 695.0 259.0 695.0 278.0 687.0 278.0
P1888__1__0___0 0.5 665.0 262.0 675.0 261.0 676.0 280.0 667.0 281.0
P1888__1__0___0 0.5 656.0 262.0 665.0 263.0 666.0 284.0 656.0 284.0
P1888__1__0___0 0.5 645.0 267.0 654.0 267.0 655.0 285.0 646.0 285.0
P1888__1__0___0 0.5 469.0 442.0 479.0 441.0 485.0 484.0 474.0 485.0
P1888__1__0___0 0.5 443.0 444.0 454.0 444.0 458.0 487.0 448.0 488.0
P1888__1__0___0 0.5 520.0 362.0 511.0 364.0 503.0 316.0 513.0 315.0
P1888__1__0___0 0.5 430.0 446.0 440.0 445.0 446.0 489.0 436.0 490.0
P1888__1__0___0 0.5 419.0 450.0 430.0 450.0 436.0 495.0 425.0 497.0
P1888__1__0___0 0.5 406.0 451.0 416.0 451.0 421.0 495.0 410.0 495.0
P1888__1__0___0 0.5 394.0 454.0 403.0 453.0 409.0 496.0 400.0 497.0
P1888__1__0___0 0.5 381.0 455.0 393.0 455.0 396.0 496.0 386.0 498.0
P1888__1__0___0 0.5 368.0 452.0 379.0 452.0 383.0 496.0 373.0 497.0
P1888__1__0___0 0.5 354.0 455.0 365.0 454.0 371.0 497.0 360.0 498.0
P1888__1__0___0 0.5 343.0 455.0 354.0 455.0 358.0 498.0 347.0 498.0
P1888__1__0___0 0.5 316.0 458.0 327.0 456.0 335.0 499.0 325.0 502.0
P1888__1__0___0 0.5 304.0 463.0 315.0 461.0 320.0 505.0 310.0 506.0
P1888__1__0___0 0.5 293.0 463.0 303.0 462.0 308.0 505.0 298.0 506.0
P1888__1__0___0 0.5 281.0 466.0 291.0 464.0 296.0 508.0 286.0 508.0
P1888__1__0___0 0.5 200.0 449.0 210.0 450.0 210.0 493.0 200.0 492.0
P1888__1__0___0 0.5 197.0 200.0 207.0 200.0 208.0 242.0 198.0 243.0
